10282
10365
10618
10696
10887
10895
10935
11018
11144
11220
11483
11529
11681
11713
11896
12007
12194
12355
12401
12441
12475
12488
12526
12762
12969
12975
12989
13052
13145
13206
13228
13487
13576
13610
13709
13743
13873
13991
14034
14058
14176
14250
14269
14489
14541
14544
14575
14649
14724
14792
14839
14847
14879
14940
15001
15091
15119
15241
15421
15466
15624
15636
15788
15892
15924
16022
16113
16124
16149
16217
16363
16379
16580
16593
16614
16652
16683
16759
16780
16807
16870
16926
16985
17033
17108
17193
17223
17382
17385
17659
17739
17785
17825
17864
17976
18012
18015
18054
18160
18581
18586
18717
18746
18772
18833
18861
18889
18910
19112
19309
19315
19374
19413
19477
19621
19800
19885
19890
19934
20061
20126
20224
20261
20336
20508
20755
20788
21251
21823
21849
21973
21979
22031
22119
22148
22251
22280
22344
22429
22548
22831
22944
23220
23264
23353
23506
23572
23834
23902
23940
24205
24234
24487
24732
24791
24792
24915
24929
25192
25411
25576
25579
25782
26105
26237
26571
26755
26858
26894
27139
27226
27654
27666
27739
27933
28107
28126
28207
28313
28331
28343
28365
28607
28631
28649
28715
28726
28842
28845
28846
29434
29453
29573
29611
29680
29698
29911
30006
30028
30121
30798
30875
31338
31500
31536
31590
31651
31684
31693
31840
31914
31980
32033
32102
32125
32142
32258
32359
32616
32751
32851
32877
32908
33033
33097
33304
33347
33395
33431
33453
33464
33505
33565
33580
33676
33810
33977
34066
34068
34097
34121
34237
34386
34407
34439
34570
34624
34798
35010
35016
35053
35061
35131
35229
35295
35359
35374
35417
35434
35648
35839
35914
35951
35992
35998
36023
36094
36254
36328
36408
36567
36588
36643
36702
36810
36869
37012
37048
37060
37066
37166
37362
37586
37588
37661
37693
37765
37828
38227
38251
38390
38395
38548
38573
38602
38794
38939
39083
39085
39148
39175
39213
39288
39471
39478
39707
39852
39933
39964
39977
40031
40113
40193
40247
40287
40314
40464
40872
40895
40926
41007
41174
41207
41285
41393
41407
41418
41700
41815
41981
42007
42028
42029
42030
42041
42095
42143
42145
42337
42351
42388
42647
42676
42766
42850
42990
43056
43186
43195
43220
43531
43632
43760
43789
43938
44196
44410
44459
44496
44892
44960
45122
45131
45152
45190
45193
45392
45397
45491
45495
45629
45792
45838
45889
46061
46293
46340
46431
46466
46484
46588
46656
46677
46700
46704
46741
46754
46868
46957
46972
47055
47333
47350
47372
47384
47463
47651
47680
47700
47840
47850
47903
47912
47979
48169
48218
48288
48482
48695
48756
48910
49030
49051
49105
49226
49283
49404
49613
49752
49811
49890
50109
50227
50290
50353
50396
50434
50523
50575
50616
50672
50692
50733
50754
50798
50846
50867
50925
51001
51115
51235
51246
51375
51392
51436
51488
51557
51603
51642
51744
51819
51915
51938
51959
52405
52441
52525
52545
52624
52646
52900
53162
53271
53308
53515
53703
53721
53881
54215
54302
54308
54499
54555
54560
55031
55060
55169
55229
55392
55399
55546
55689
55969
55978
56025
56053
56064
56361
56414
56735
56762
56922
56985
57241
57258
57313
57482
57568
57680
57868
57894
57947
57998
58009
58091
58099
58200
58208
58242
58298
58376
58470
58586
58778
58801
58852
58958
59035
59059
59065
59120
59124
59183
59250
59273
59347
59362
59477
59539
59606
59620
59753
59768
59806
59897
59904
59982
60025
60094
60348
60408
60604
60608
60665
60822
60853
60881
60963
60979
61194
61265
61276
61282
61426
61441
61500
61723
61769
61839
61881
61884
61968
61996
62042
62117
62230
62344
62368
62373
62455
62643
62718
63013
63114
63141
63194
63334
63390
63427
63542
63548
63594
63626
63635
63754
63764
63851
63895
63903
63995
64108
64171
64295
64357
64402
64421
64459
64466
64495
64501
64643
64943
64947
64958
64986
65002
65025
65116
65171
65436
65464
65471
65496
65508
65552
65623
65653
65790
65836
66094
66243
66315
66454
66742
66866
66917
66983
66992
67055
67060
67158
67180
67425
67468
67548
67571
67597
67666
67688
67761
67936
67988
68012
68139
68245
68437
68488
68520
68663
68733
68939
69071
69082
69143
69199
69211
69235
69237
69515
69613
69694
69698
69703
69841
69860
69964
70145
70230
70259
70374
70452
70453
70582
70601
70682
70708
70857
70998
71473
71487
71524
71565
71575
71617
71644
71791
71897
71966
72193
72243
72373
72645
72689
72798
72806
72956
73054
73108
73120
73457
73753
73762
73791
73803
73815
73963
73996
74036
74041
74083
74140
74149
74183
74186
74211
74217
74353
74440
74484
74488
74599
74650
74771
74890
74933
74964
75078
75113
75722
75763
75865
75945
76147
76191
76625
76682
76807
76884
76887
76940
77041
77218
77231
77344
77502
77645
77739
77834
78086
78189
78269
78295
78387
78513
78634
78807
78824
79054
79090
79122
79160
79199
79255
79408
79483
79585
79640
79722
79934
79979
80001
80165
80317
80421
80439
80507
80632
80641
80709
80739
80744
80823
80907
81016
81155
81194
81283
81388
81504
81512
81520
81552
81650
81705
81946
82019
82242
82312
82323
82398
82766
82815
82862
82865
82872
83033
83189
83362
83466
83527
83703
83831
83884
84015
84020
84054
84057
84231
84374
84439
84527
84668
84809
84851
84997
85079
85324
85389
85420
85545
85606
85931
85968
86007
86029
86048
86112
86122
86220
86294
86334
86470
86512
86564
86608
86825
87061
87456
87482
87583
87627
87638
87651
87682
87695
87717
87732
87826
88009
88020
88092
88249
88341
88424
88431
88445
88765
88842
88853
88888
88894
88916
89283
89414
89445
89480
89780
89812
89878
89913
89980
89984
90034
90147
90200
90240
90319
90355
90363
90523
90554
90862
91012
91153
91160
91270
91347
91426
91837
92106
92178
92223
92379
92406
92449
92472
92506
92586
92608
92629
92857
92896
93206
93222
93246
93270
93309
93371
93425
93434
93446
93453
93459
93487
93793
93847
93855
93889
93905
93963
94011
94214
94237
94292
94307
94345
94347
94447
94592
94668
94799
94807
95409
95781
95942
95998
96001
96035
96071
96112
96135
96145
96184
96305
96403
96507
96532
96536
96567
96601
96658
96982
97082
97083
97192
97213
97275
97361
97382
97389
97394
97412
97451
97689
97698
97839
97902
97941
98082
98098
98167
98274
98316
98321
98462
98492
98547
98585
98626
98772
98892
98976
99036
99116
99147
99285
99552
99604
99643
99775
