10104
10228
10363
10521
10803
10840
10883
11001
11069
11220
11220
11220
11220
11220
11220
11220
11220
11220
11220
11220
11220
11220
11220
11220
11220
11220
11220
11552
11681
11681
11681
11681
11681
11681
11681
11681
11681
11681
11681
11681
11681
11681
11770
11832
12184
12534
12987
13027
13396
13468
13588
13640
13912
13942
14000
14163
14363
14792
14792
14792
15119
15162
15242
15318
15498
15540
15553
15774
15788
15788
15788
15788
15788
15788
15788
15788
15788
16019
16217
16217
16217
16217
16217
16217
16217
16217
16217
16492
16961
16994
17223
17223
17223
17223
17223
17223
17223
17223
17223
17223
17223
17223
17300
17392
17411
17606
17864
17864
17864
17864
17864
17864
17864
17864
17864
17864
17864
17864
18013
18200
18432
18558
18831
19398
19405
19425
19648
19815
19841
20223
20520
20626
20815
21145
21174
21206
21427
21543
22001
22115
22854
22915
22997
23083
23296
23307
23375
24208
24270
24278
24288
24363
24823
24963
24971
24972
25038
25210
25233
25312
25388
25559
25575
25792
26025
26105
26105
26105
26105
26105
26105
26105
26105
26105
26106
26145
26266
26608
26613
27258
27446
27666
27666
27666
27666
27666
27666
27666
27666
27666
27666
27666
27666
27666
27666
27666
27677
27712
27846
27959
28343
28343
28343
28343
28343
28343
28343
28343
28343
28343
28343
28343
28343
28343
28343
28343
28343
28525
28722
28794
28855
29116
29131
29241
29342
29575
29808
30136
30137
30259
30421
30568
30941
31045
31244
31254
32218
32334
32394
32618
32838
32976
33004
33011
33153
33156
33345
33385
33795
33828
33917
33941
34134
34159
34182
34213
34391
34448
34551
34861
35139
35218
35450
35489
35796
35958
36105
36282
37101
37314
37412
37611
37702
37712
37779
37871
38390
38390
38390
38390
38390
38390
38390
38390
38390
38390
38390
38390
38390
38390
38390
38390
38390
38390
38390
38390
38460
38503
38941
39134
39236
39287
39316
39532
39598
39825
39850
40038
40091
40193
40193
40193
40193
40193
40193
40193
40193
40193
40193
40193
40193
40193
40193
40193
40193
40217
40407
40494
40509
40540
40630
40921
41120
41180
41317
41367
41374
41626
41652
41964
41993
42385
42679
42696
42853
42994
43568
43580
43637
43806
43875
43967
44208
44369
44465
44503
44514
44762
44943
45079
45245
45273
45727
45901
45980
46340
46340
46497
46746
46968
47021
47027
47159
47253
47405
47633
47799
47872
48307
48330
48434
48747
48768
48927
49092
49229
49401
49469
49643
49710
49739
50192
50227
50227
50227
50227
50227
50227
50227
50227
50227
50227
50227
50396
50396
50396
50396
50396
50396
50396
50396
50396
50396
50396
50396
50396
50396
50396
50396
50396
50396
50708
50759
50764
50966
51103
51125
51317
51370
51608
51691
51946
51999
52072
52086
52171
52441
52441
52441
52441
52441
52441
52441
52441
52441
52441
52441
52441
52441
52539
52599
52732
52975
52987
53380
53382
53418
53606
53684
53779
54165
54233
54258
54313
54461
54577
54686
54829
55204
55254
55727
55730
55737
55896
56445
56487
56728
56901
57266
57651
57762
57789
57830
58047
58064
58095
58243
58265
58360
58376
58376
58376
58376
58376
58376
58376
58376
58376
58376
58432
58572
58852
58852
58852
58852
59106
59127
59226
59372
59520
59738
60345
60347
60767
60958
60971
61119
61806
62009
62200
62235
62288
62633
62900
62980
63013
63013
63013
63013
63013
63013
63196
63337
63356
63412
63583
63644
63662
63775
63816
64065
64382
64719
64757
65105
65150
65603
65677
65715
65743
65992
66385
66729
66776
66939
66983
66983
67124
67154
67264
67322
67697
67760
67780
68075
68591
68596
68798
68868
68909
68984
69071
69071
69071
69071
69071
69071
69071
69071
69071
69071
69071
69071
69071
69252
69327
69337
69361
69471
69517
69730
69910
70230
70230
70230
70230
70230
70311
70521
70650
70696
70855
70897
70998
70998
70998
70998
70998
70998
70998
70998
70998
70998
71043
71232
71473
71473
71473
71473
71473
71473
71473
71473
71473
71473
71473
71473
71473
71473
71473
71473
71473
71473
71473
71473
71860
72353
72473
72620
73150
73216
73500
73583
73714
73747
74078
74157
74162
74164
74318
74746
75074
75140
75203
75265
75523
75578
75587
75596
75691
75763
75763
75763
75807
75810
76329
76361
76682
76682
76682
76682
76682
76682
76682
76682
76682
76682
76682
76682
76682
76682
76682
76682
76682
76805
77367
77476
77517
77949
78011
78416
78508
78550
78607
78782
78824
78824
78824
78824
78824
79090
79090
79090
79090
79090
79090
79090
79090
79090
79090
79090
79090
79122
79122
79359
79788
80277
80545
80739
80739
80739
80739
80739
80739
80739
81224
81390
81423
81435
81572
81581
81808
81946
81946
81946
81946
81946
81946
81946
81946
81946
81946
81993
82034
82128
82425
82509
82883
82918
83033
83033
83033
83033
83033
83033
83033
83033
83033
83033
83033
83052
83186
83205
83762
83821
83884
83884
83884
83884
83884
83884
83884
83884
83884
83884
83884
83884
83884
83884
83884
83903
83920
84059
84212
84439
84439
84439
84439
84439
84439
84439
84439
84439
84439
84439
84439
84439
84439
84439
84439
84439
84439
84710
84797
84821
84938
85082
85420
85420
85420
85420
85420
85430
85660
85770
85936
86262
86503
86923
87038
87047
87233
87374
87378
87681
87773
87826
87826
87826
87826
87826
87826
87826
87826
87826
87826
87826
87826
87826
88120
88173
88246
88260
88512
88643
88646
88678
88733
88748
89083
89179
89669
89690
89703
89844
90061
90149
90173
90200
90200
90200
90200
90200
90200
90200
90207
90271
90356
90387
90612
90678
90900
91067
91364
91384
91443
91632
91780
92076
92181
92450
92486
93001
93293
93387
93389
93419
93650
93712
93793
93793
93793
93793
93793
93793
93793
93793
93934
94208
94345
94345
94345
94345
94345
94345
94345
94345
94345
94345
94345
94345
94345
94345
94345
94345
94345
94432
94611
94623
94664
95111
95124
95208
95280
95331
95421
95586
95783
95861
96027
96112
96112
96112
96112
96112
96112
96112
96112
96112
96112
96112
96112
96112
96112
96112
96112
96112
96112
96112
96128
96196
96567
96567
96567
96567
96567
96567
96567
96567
96567
96567
96567
96875
97113
97147
97182
97185
97309
97491
97494
97698
97698
97698
97698
97698
97698
97698
97698
97698
97698
97698
97698
97698
97698
97698
97743
97972
98070
98216
98522
98552
98660
98692
98715
98924
99099
99347
99593
99755
99814
